{"nbformat":4,"nbformat_minor":0,"metadata":{"colab":{"name":"Iris_Classification_ans.ipynb","provenance":[],"collapsed_sections":[]},"language_info":{"codemirror_mode":{"name":"ipython","version":3},"file_extension":".py","mimetype":"text/x-python","name":"python","nbconvert_exporter":"python","pygments_lexer":"ipython3","version":"3.5.4"},"kernelspec":{"display_name":"Python 3","language":"python","name":"python3"}},"cells":[{"cell_type":"markdown","metadata":{"id":"QZ2wcfHmwQFm","colab_type":"text"},"source":["# 1. Import Basic Python Package"]},{"cell_type":"code","metadata":{"id":"GonkK6RfwQFn","colab_type":"code","colab":{}},"source":["import numpy as np\n","import pandas as pd\n","import matplotlib.pyplot as plt\n","from matplotlib.pylab import rcParams"],"execution_count":0,"outputs":[]},{"cell_type":"markdown","metadata":{"id":"SyLKt1sAwQFq","colab_type":"text"},"source":["# 2. 了解問題：\n","(1) 定義問題：??(2) 蒐集資料"]},{"cell_type":"code","metadata":{"id":"-eo9ENvqwQFr","colab_type":"code","outputId":"46a3e019-870a-47b6-bd3e-ce36f96e5643","executionInfo":{"status":"ok","timestamp":1589245253648,"user_tz":-480,"elapsed":2430,"user":{"displayName":"張仁寬@go.thu","photoUrl":"","userId":"00629718865293591950"}},"colab":{"base_uri":"https://localhost:8080/","height":34}},"source":["from sklearn.datasets import load_iris\n","iris_data = load_iris()\n","print(iris_data.keys())"],"execution_count":2,"outputs":[{"output_type":"stream","text":["dict_keys(['data', 'target', 'target_names', 'DESCR', 'feature_names', 'filename'])\n"],"name":"stdout"}]},{"cell_type":"code","metadata":{"id":"5sYy0JoawQFw","colab_type":"code","outputId":"e24c07e8-c98e-4c22-a11d-01433ff4cf2b","executionInfo":{"status":"ok","timestamp":1589245253649,"user_tz":-480,"elapsed":2424,"user":{"displayName":"張仁寬@go.thu","photoUrl":"","userId":"00629718865293591950"}},"colab":{"base_uri":"https://localhost:8080/","height":1000}},"source":["print(iris_data.DESCR)"],"execution_count":3,"outputs":[{"output_type":"stream","text":[".. _iris_dataset:\n","\n","Iris plants dataset\n","--------------------\n","\n","**Data Set Characteristics:**\n","\n","    :Number of Instances: 150 (50 in each of three classes)\n","    :Number of Attributes: 4 numeric, predictive attributes and the class\n","    :Attribute Information:\n","        - sepal length in cm\n","        - sepal width in cm\n","        - petal length in cm\n","        - petal width in cm\n","        - class:\n","                - Iris-Setosa\n","                - Iris-Versicolour\n","                - Iris-Virginica\n","                \n","    :Summary Statistics:\n","\n","    ============== ==== ==== ======= ===== ====================\n","                    Min  Max   Mean    SD   Class Correlation\n","    ============== ==== ==== ======= ===== ====================\n","    sepal length:   4.3  7.9   5.84   0.83    0.7826\n","    sepal width:    2.0  4.4   3.05   0.43   -0.4194\n","    petal length:   1.0  6.9   3.76   1.76    0.9490  (high!)\n","    petal width:    0.1  2.5   1.20   0.76    0.9565  (high!)\n","    ============== ==== ==== ======= ===== ====================\n","\n","    :Missing Attribute Values: None\n","    :Class Distribution: 33.3% for each of 3 classes.\n","    :Creator: R.A. Fisher\n","    :Donor: Michael Marshall (MARSHALL%PLU@io.arc.nasa.gov)\n","    :Date: July, 1988\n","\n","The famous Iris database, first used by Sir R.A. Fisher. The dataset is taken\n","from Fisher's paper. Note that it's the same as in R, but not as in the UCI\n","Machine Learning Repository, which has two wrong data points.\n","\n","This is perhaps the best known database to be found in the\n","pattern recognition literature.  Fisher's paper is a classic in the field and\n","is referenced frequently to this day.  (See Duda & Hart, for example.)  The\n","data set contains 3 classes of 50 instances each, where each class refers to a\n","type of iris plant.  One class is linearly separable from the other 2; the\n","latter are NOT linearly separable from each other.\n","\n",".. topic:: References\n","\n","   - Fisher, R.A. \"The use of multiple measurements in taxonomic problems\"\n","     Annual Eugenics, 7, Part II, 179-188 (1936); also in \"Contributions to\n","     Mathematical Statistics\" (John Wiley, NY, 1950).\n","   - Duda, R.O., & Hart, P.E. (1973) Pattern Classification and Scene Analysis.\n","     (Q327.D83) John Wiley & Sons.  ISBN 0-471-22361-1.  See page 218.\n","   - Dasarathy, B.V. (1980) \"Nosing Around the Neighborhood: A New System\n","     Structure and Classification Rule for Recognition in Partially Exposed\n","     Environments\".  IEEE Transactions on Pattern Analysis and Machine\n","     Intelligence, Vol. PAMI-2, No. 1, 67-71.\n","   - Gates, G.W. (1972) \"The Reduced Nearest Neighbor Rule\".  IEEE Transactions\n","     on Information Theory, May 1972, 431-433.\n","   - See also: 1988 MLC Proceedings, 54-64.  Cheeseman et al\"s AUTOCLASS II\n","     conceptual clustering system finds 3 classes in the data.\n","   - Many, many more ...\n"],"name":"stdout"}]},{"cell_type":"code","metadata":{"id":"J2vIz64IwQFz","colab_type":"code","outputId":"54616332-a0c0-4a25-86f1-1a0d528be305","executionInfo":{"status":"ok","timestamp":1589245253650,"user_tz":-480,"elapsed":2418,"user":{"displayName":"張仁寬@go.thu","photoUrl":"","userId":"00629718865293591950"}},"colab":{"base_uri":"https://localhost:8080/","height":1000}},"source":["# Features\n","print(iris_data.data)\n","print(iris_data.data.shape)"],"execution_count":4,"outputs":[{"output_type":"stream","text":["[[5.1 3.5 1.4 0.2]\n"," [4.9 3.  1.4 0.2]\n"," [4.7 3.2 1.3 0.2]\n"," [4.6 3.1 1.5 0.2]\n"," [5.  3.6 1.4 0.2]\n"," [5.4 3.9 1.7 0.4]\n"," [4.6 3.4 1.4 0.3]\n"," [5.  3.4 1.5 0.2]\n"," [4.4 2.9 1.4 0.2]\n"," [4.9 3.1 1.5 0.1]\n"," [5.4 3.7 1.5 0.2]\n"," [4.8 3.4 1.6 0.2]\n"," [4.8 3.  1.4 0.1]\n"," [4.3 3.  1.1 0.1]\n"," [5.8 4.  1.2 0.2]\n"," [5.7 4.4 1.5 0.4]\n"," [5.4 3.9 1.3 0.4]\n"," [5.1 3.5 1.4 0.3]\n"," [5.7 3.8 1.7 0.3]\n"," [5.1 3.8 1.5 0.3]\n"," [5.4 3.4 1.7 0.2]\n"," [5.1 3.7 1.5 0.4]\n"," [4.6 3.6 1.  0.2]\n"," [5.1 3.3 1.7 0.5]\n"," [4.8 3.4 1.9 0.2]\n"," [5.  3.  1.6 0.2]\n"," [5.  3.4 1.6 0.4]\n"," [5.2 3.5 1.5 0.2]\n"," [5.2 3.4 1.4 0.2]\n"," [4.7 3.2 1.6 0.2]\n"," [4.8 3.1 1.6 0.2]\n"," [5.4 3.4 1.5 0.4]\n"," [5.2 4.1 1.5 0.1]\n"," [5.5 4.2 1.4 0.2]\n"," [4.9 3.1 1.5 0.2]\n"," [5.  3.2 1.2 0.2]\n"," [5.5 3.5 1.3 0.2]\n"," [4.9 3.6 1.4 0.1]\n"," [4.4 3.  1.3 0.2]\n"," [5.1 3.4 1.5 0.2]\n"," [5.  3.5 1.3 0.3]\n"," [4.5 2.3 1.3 0.3]\n"," [4.4 3.2 1.3 0.2]\n"," [5.  3.5 1.6 0.6]\n"," [5.1 3.8 1.9 0.4]\n"," [4.8 3.  1.4 0.3]\n"," [5.1 3.8 1.6 0.2]\n"," [4.6 3.2 1.4 0.2]\n"," [5.3 3.7 1.5 0.2]\n"," [5.  3.3 1.4 0.2]\n"," [7.  3.2 4.7 1.4]\n"," [6.4 3.2 4.5 1.5]\n"," [6.9 3.1 4.9 1.5]\n"," [5.5 2.3 4.  1.3]\n"," [6.5 2.8 4.6 1.5]\n"," [5.7 2.8 4.5 1.3]\n"," [6.3 3.3 4.7 1.6]\n"," [4.9 2.4 3.3 1. ]\n"," [6.6 2.9 4.6 1.3]\n"," [5.2 2.7 3.9 1.4]\n"," [5.  2.  3.5 1. ]\n"," [5.9 3.  4.2 1.5]\n"," [6.  2.2 4.  1. ]\n"," [6.1 2.9 4.7 1.4]\n"," [5.6 2.9 3.6 1.3]\n"," [6.7 3.1 4.4 1.4]\n"," [5.6 3.  4.5 1.5]\n"," [5.8 2.7 4.1 1. ]\n"," [6.2 2.2 4.5 1.5]\n"," [5.6 2.5 3.9 1.1]\n"," [5.9 3.2 4.8 1.8]\n"," [6.1 2.8 4.  1.3]\n"," [6.3 2.5 4.9 1.5]\n"," [6.1 2.8 4.7 1.2]\n"," [6.4 2.9 4.3 1.3]\n"," [6.6 3.  4.4 1.4]\n"," [6.8 2.8 4.8 1.4]\n"," [6.7 3.  5.  1.7]\n"," [6.  2.9 4.5 1.5]\n"," [5.7 2.6 3.5 1. ]\n"," [5.5 2.4 3.8 1.1]\n"," [5.5 2.4 3.7 1. ]\n"," [5.8 2.7 3.9 1.2]\n"," [6.  2.7 5.1 1.6]\n"," [5.4 3.  4.5 1.5]\n"," [6.  3.4 4.5 1.6]\n"," [6.7 3.1 4.7 1.5]\n"," [6.3 2.3 4.4 1.3]\n"," [5.6 3.  4.1 1.3]\n"," [5.5 2.5 4.  1.3]\n"," [5.5 2.6 4.4 1.2]\n"," [6.1 3.  4.6 1.4]\n"," [5.8 2.6 4.  1.2]\n"," [5.  2.3 3.3 1. ]\n"," [5.6 2.7 4.2 1.3]\n"," [5.7 3.  4.2 1.2]\n"," [5.7 2.9 4.2 1.3]\n"," [6.2 2.9 4.3 1.3]\n"," [5.1 2.5 3.  1.1]\n"," [5.7 2.8 4.1 1.3]\n"," [6.3 3.3 6.  2.5]\n"," [5.8 2.7 5.1 1.9]\n"," [7.1 3.  5.9 2.1]\n"," [6.3 2.9 5.6 1.8]\n"," [6.5 3.  5.8 2.2]\n"," [7.6 3.  6.6 2.1]\n"," [4.9 2.5 4.5 1.7]\n"," [7.3 2.9 6.3 1.8]\n"," [6.7 2.5 5.8 1.8]\n"," [7.2 3.6 6.1 2.5]\n"," [6.5 3.2 5.1 2. ]\n"," [6.4 2.7 5.3 1.9]\n"," [6.8 3.  5.5 2.1]\n"," [5.7 2.5 5.  2. ]\n"," [5.8 2.8 5.1 2.4]\n"," [6.4 3.2 5.3 2.3]\n"," [6.5 3.  5.5 1.8]\n"," [7.7 3.8 6.7 2.2]\n"," [7.7 2.6 6.9 2.3]\n"," [6.  2.2 5.  1.5]\n"," [6.9 3.2 5.7 2.3]\n"," [5.6 2.8 4.9 2. ]\n"," [7.7 2.8 6.7 2. ]\n"," [6.3 2.7 4.9 1.8]\n"," [6.7 3.3 5.7 2.1]\n"," [7.2 3.2 6.  1.8]\n"," [6.2 2.8 4.8 1.8]\n"," [6.1 3.  4.9 1.8]\n"," [6.4 2.8 5.6 2.1]\n"," [7.2 3.  5.8 1.6]\n"," [7.4 2.8 6.1 1.9]\n"," [7.9 3.8 6.4 2. ]\n"," [6.4 2.8 5.6 2.2]\n"," [6.3 2.8 5.1 1.5]\n"," [6.1 2.6 5.6 1.4]\n"," [7.7 3.  6.1 2.3]\n"," [6.3 3.4 5.6 2.4]\n"," [6.4 3.1 5.5 1.8]\n"," [6.  3.  4.8 1.8]\n"," [6.9 3.1 5.4 2.1]\n"," [6.7 3.1 5.6 2.4]\n"," [6.9 3.1 5.1 2.3]\n"," [5.8 2.7 5.1 1.9]\n"," [6.8 3.2 5.9 2.3]\n"," [6.7 3.3 5.7 2.5]\n"," [6.7 3.  5.2 2.3]\n"," [6.3 2.5 5.  1.9]\n"," [6.5 3.  5.2 2. ]\n"," [6.2 3.4 5.4 2.3]\n"," [5.9 3.  5.1 1.8]]\n","(150, 4)\n"],"name":"stdout"}]},{"cell_type":"code","metadata":{"id":"JZlDBI9lwQF3","colab_type":"code","outputId":"932c123f-5644-40a8-9202-73152a5e8f5d","executionInfo":{"status":"ok","timestamp":1589245253650,"user_tz":-480,"elapsed":2411,"user":{"displayName":"張仁寬@go.thu","photoUrl":"","userId":"00629718865293591950"}},"colab":{"base_uri":"https://localhost:8080/","height":118}},"source":["# Label\n","print(iris_data.target) \n","print(iris_data.target.shape) "],"execution_count":5,"outputs":[{"output_type":"stream","text":["[0 0 0 0 0 0 0 0 0 0 0 0 0 0 0 0 0 0 0 0 0 0 0 0 0 0 0 0 0 0 0 0 0 0 0 0 0\n"," 0 0 0 0 0 0 0 0 0 0 0 0 0 1 1 1 1 1 1 1 1 1 1 1 1 1 1 1 1 1 1 1 1 1 1 1 1\n"," 1 1 1 1 1 1 1 1 1 1 1 1 1 1 1 1 1 1 1 1 1 1 1 1 1 1 2 2 2 2 2 2 2 2 2 2 2\n"," 2 2 2 2 2 2 2 2 2 2 2 2 2 2 2 2 2 2 2 2 2 2 2 2 2 2 2 2 2 2 2 2 2 2 2 2 2\n"," 2 2]\n","(150,)\n"],"name":"stdout"}]},{"cell_type":"markdown","metadata":{"id":"bS5Fl9MKwQF6","colab_type":"text"},"source":["# 2. Training and Testing Split\n","為了統一大家預測的結果請大家設定random_state=40,shuffle=True"]},{"cell_type":"code","metadata":{"id":"_b6rUaIlwQF7","colab_type":"code","colab":{}},"source":["from sklearn.model_selection import train_test_split\n","# split the data into training and validation sets\n","X_train, X_test, y_train, y_test = train_test_split(iris_data.data, iris_data.target, test_size=0.33, random_state=40\n","                                                    , shuffle=True)"],"execution_count":0,"outputs":[]},{"cell_type":"markdown","metadata":{"id":"tQ-0q68awQF9","colab_type":"text"},"source":["# 3. Classify Iris: Simple Logistic Regression"]},{"cell_type":"code","metadata":{"id":"877lye7TwQF-","colab_type":"code","outputId":"2c7d0e11-5a53-45b5-92ec-c54bdb71202f","executionInfo":{"status":"ok","timestamp":1589245253651,"user_tz":-480,"elapsed":2402,"user":{"displayName":"張仁寬@go.thu","photoUrl":"","userId":"00629718865293591950"}},"colab":{"base_uri":"https://localhost:8080/","height":151}},"source":["from sklearn.linear_model import LogisticRegression\n","model = LogisticRegression()\n","model.fit(X_train,y_train)\n","y_train_pred = model.predict(X_train)\n","y_test_pred = model.predict(X_test)"],"execution_count":7,"outputs":[{"output_type":"stream","text":["/usr/local/lib/python3.6/dist-packages/sklearn/linear_model/_logistic.py:940: ConvergenceWarning: lbfgs failed to converge (status=1):\n","STOP: TOTAL NO. of ITERATIONS REACHED LIMIT.\n","\n","Increase the number of iterations (max_iter) or scale the data as shown in:\n","    https://scikit-learn.org/stable/modules/preprocessing.html\n","Please also refer to the documentation for alternative solver options:\n","    https://scikit-learn.org/stable/modules/linear_model.html#logistic-regression\n","  extra_warning_msg=_LOGISTIC_SOLVER_CONVERGENCE_MSG)\n"],"name":"stderr"}]},{"cell_type":"markdown","metadata":{"id":"9YQUNh68wQGB","colab_type":"text"},"source":["# 4. Prediction Result Evaluation"]},{"cell_type":"code","metadata":{"id":"HQ6AQu90wQGB","colab_type":"code","outputId":"96b97424-1ec3-43ca-dcaa-6a2814cf12eb","executionInfo":{"status":"ok","timestamp":1589245253652,"user_tz":-480,"elapsed":2396,"user":{"displayName":"張仁寬@go.thu","photoUrl":"","userId":"00629718865293591950"}},"colab":{"base_uri":"https://localhost:8080/","height":218}},"source":["from sklearn import metrics\n","print('train evaluation---------------------------------')\n","print('accuracy:%.2f'%metrics.accuracy_score(y_train, y_train_pred))\n","print('confusion matirx:\\n', metrics.confusion_matrix(y_train, y_train_pred))\n","print('test evaluation---------------------------------')\n","print('accuracy:%.2f'%metrics.accuracy_score(y_test, y_test_pred))\n","print('confusion matirx:\\n', metrics.confusion_matrix(y_test, y_test_pred))"],"execution_count":8,"outputs":[{"output_type":"stream","text":["train evaluation---------------------------------\n","accuracy:0.97\n","confusion matirx:\n"," [[32  0  0]\n"," [ 0 33  2]\n"," [ 0  1 32]]\n","test evaluation---------------------------------\n","accuracy:1.00\n","confusion matirx:\n"," [[18  0  0]\n"," [ 0 15  0]\n"," [ 0  0 17]]\n"],"name":"stdout"}]},{"cell_type":"markdown","metadata":{"id":"C-mgXIYrwQGE","colab_type":"text"},"source":["# 5. Logistic Regression Probability Output"]},{"cell_type":"code","metadata":{"id":"Ktz7SHUewQGF","colab_type":"code","outputId":"bf4df4fc-becb-4544-b0b8-3c541c82a735","executionInfo":{"status":"ok","timestamp":1589245253652,"user_tz":-480,"elapsed":2390,"user":{"displayName":"張仁寬@go.thu","photoUrl":"","userId":"00629718865293591950"}},"colab":{"base_uri":"https://localhost:8080/","height":1000}},"source":["from sklearn.linear_model import LogisticRegression\n","model = LogisticRegression()\n","model.fit(X_train,y_train)\n","y_test_pred = model.predict(X_test)\n","y_test_pred_proba = model.predict_proba(X_test)\n","print('Classification Output:\\n', y_test_pred)\n","print('Probability Output:\\n', y_test_pred_proba)"],"execution_count":9,"outputs":[{"output_type":"stream","text":["Classification Output:\n"," [0 1 2 2 1 2 1 1 1 0 1 0 0 2 1 2 2 2 1 1 2 2 1 0 1 0 0 2 0 1 1 0 0 0 0 2 0\n"," 0 2 0 0 1 2 2 2 0 2 2 1 0]\n","Probability Output:\n"," [[9.79348737e-01 2.06511687e-02 9.40064741e-08]\n"," [1.23762207e-02 7.65824904e-01 2.21798876e-01]\n"," [1.47329002e-04 9.18996371e-02 9.07953034e-01]\n"," [4.92907072e-07 8.44515586e-03 9.91554351e-01]\n"," [2.73862709e-02 9.16405713e-01 5.62080166e-02]\n"," [3.99965080e-05 3.50763246e-02 9.64883679e-01]\n"," [3.09004795e-03 7.74678237e-01 2.22231715e-01]\n"," [2.03517186e-02 8.98292263e-01 8.13560185e-02]\n"," [1.42107003e-02 7.42885114e-01 2.42904186e-01]\n"," [9.68422995e-01 3.15769077e-02 9.70366829e-08]\n"," [1.29596012e-02 8.69502971e-01 1.17537428e-01]\n"," [9.65927598e-01 3.40721729e-02 2.28777216e-07]\n"," [9.79905147e-01 2.00947879e-02 6.49803022e-08]\n"," [1.91330591e-03 4.92979630e-01 5.05107064e-01]\n"," [7.86581375e-02 9.15385045e-01 5.95681710e-03]\n"," [1.49151673e-05 2.58534978e-02 9.74131587e-01]\n"," [1.11586856e-03 4.30600456e-01 5.68283675e-01]\n"," [4.17753307e-05 6.56588826e-02 9.34299342e-01]\n"," [2.02981207e-03 7.86481649e-01 2.11488539e-01]\n"," [5.14538787e-02 8.90146819e-01 5.83993020e-02]\n"," [2.58924649e-05 4.59680327e-02 9.54006075e-01]\n"," [3.05179969e-07 9.30571794e-03 9.90693977e-01]\n"," [2.19116222e-02 9.16656549e-01 6.14318284e-02]\n"," [9.73266180e-01 2.67337135e-02 1.06526009e-07]\n"," [8.84536487e-02 8.96791049e-01 1.47553022e-02]\n"," [9.42672535e-01 5.73271532e-02 3.11968847e-07]\n"," [9.87675923e-01 1.23240494e-02 2.72585180e-08]\n"," [1.42734531e-04 1.62414109e-01 8.37443157e-01]\n"," [9.59213553e-01 4.07862708e-02 1.76251746e-07]\n"," [5.02845458e-02 9.36823825e-01 1.28916293e-02]\n"," [1.45124504e-02 9.61526912e-01 2.39606371e-02]\n"," [9.36945399e-01 6.30535984e-02 1.00266274e-06]\n"," [9.57993539e-01 4.20060547e-02 4.06531522e-07]\n"," [9.69702494e-01 3.02974060e-02 1.00451257e-07]\n"," [9.78740550e-01 2.12593762e-02 7.38349682e-08]\n"," [3.34239448e-05 5.79043019e-02 9.42062274e-01]\n"," [9.80249986e-01 1.97499026e-02 1.11405903e-07]\n"," [9.83413002e-01 1.65869290e-02 6.91039373e-08]\n"," [4.90245651e-04 1.84380957e-01 8.15128797e-01]\n"," [9.79392092e-01 2.06078438e-02 6.39736690e-08]\n"," [9.67271474e-01 3.27283096e-02 2.16418645e-07]\n"," [3.77712825e-03 8.00994957e-01 1.95227915e-01]\n"," [1.85714924e-03 4.33118913e-01 5.65023938e-01]\n"," [9.37600020e-06 4.37470570e-02 9.56243567e-01]\n"," [1.67195713e-05 7.76639051e-02 9.22319375e-01]\n"," [9.64415288e-01 3.55845598e-02 1.52128119e-07]\n"," [2.24738544e-08 2.28367459e-03 9.97716303e-01]\n"," [2.78208718e-03 4.84398520e-01 5.12819393e-01]\n"," [7.95280504e-03 9.06354417e-01 8.56927782e-02]\n"," [9.80620302e-01 1.93796472e-02 5.12548160e-08]]\n"],"name":"stdout"},{"output_type":"stream","text":["/usr/local/lib/python3.6/dist-packages/sklearn/linear_model/_logistic.py:940: ConvergenceWarning: lbfgs failed to converge (status=1):\n","STOP: TOTAL NO. of ITERATIONS REACHED LIMIT.\n","\n","Increase the number of iterations (max_iter) or scale the data as shown in:\n","    https://scikit-learn.org/stable/modules/preprocessing.html\n","Please also refer to the documentation for alternative solver options:\n","    https://scikit-learn.org/stable/modules/linear_model.html#logistic-regression\n","  extra_warning_msg=_LOGISTIC_SOLVER_CONVERGENCE_MSG)\n"],"name":"stderr"}]},{"cell_type":"markdown","metadata":{"id":"Uc4f2Z7iwQGI","colab_type":"text"},"source":["# 6. 調整C值"]},{"cell_type":"code","metadata":{"id":"RqcrFqqQwQGJ","colab_type":"code","outputId":"50373050-08dd-4125-fc95-46d76aecdcd9","executionInfo":{"status":"ok","timestamp":1589245253653,"user_tz":-480,"elapsed":2384,"user":{"displayName":"張仁寬@go.thu","photoUrl":"","userId":"00629718865293591950"}},"colab":{"base_uri":"https://localhost:8080/","height":353}},"source":["\"\"\"調整看看C看看預測結果\"\"\"\n","model = LogisticRegression(C=1)\n","model.fit(X_train,y_train)\n","y_train_pred = model.predict(X_train)\n","y_test_pred = model.predict(X_test)\n","print('train evaluation---------------------------------')\n","print('accuracy:%.2f'%metrics.accuracy_score(y_train, y_train_pred))\n","print('confusion matirx:\\n', metrics.confusion_matrix(y_train, y_train_pred))\n","print('test evaluation---------------------------------')\n","print('accuracy:%.2f'%metrics.accuracy_score(y_test, y_test_pred))\n","print('confusion matirx:\\n', metrics.confusion_matrix(y_test, y_test_pred))"],"execution_count":10,"outputs":[{"output_type":"stream","text":["train evaluation---------------------------------\n","accuracy:0.97\n","confusion matirx:\n"," [[32  0  0]\n"," [ 0 33  2]\n"," [ 0  1 32]]\n","test evaluation---------------------------------\n","accuracy:1.00\n","confusion matirx:\n"," [[18  0  0]\n"," [ 0 15  0]\n"," [ 0  0 17]]\n"],"name":"stdout"},{"output_type":"stream","text":["/usr/local/lib/python3.6/dist-packages/sklearn/linear_model/_logistic.py:940: ConvergenceWarning: lbfgs failed to converge (status=1):\n","STOP: TOTAL NO. of ITERATIONS REACHED LIMIT.\n","\n","Increase the number of iterations (max_iter) or scale the data as shown in:\n","    https://scikit-learn.org/stable/modules/preprocessing.html\n","Please also refer to the documentation for alternative solver options:\n","    https://scikit-learn.org/stable/modules/linear_model.html#logistic-regression\n","  extra_warning_msg=_LOGISTIC_SOLVER_CONVERGENCE_MSG)\n"],"name":"stderr"}]},{"cell_type":"markdown","metadata":{"id":"AeZZ14H7wQGM","colab_type":"text"},"source":["# 7. 調整multi_class\n","multinomial或ovr哪個performance好呢？\n","提示： defaul的solver='liblinear'並不支援multi_class='multinomial'，直接寫會報錯，因此記得加上solver='sag'。"]},{"cell_type":"code","metadata":{"id":"fgnZer2WwQGN","colab_type":"code","outputId":"4ba6768d-f12d-4435-feea-4bfc6aab6f04","executionInfo":{"status":"ok","timestamp":1589245253653,"user_tz":-480,"elapsed":2377,"user":{"displayName":"張仁寬@go.thu","photoUrl":"","userId":"00629718865293591950"}},"colab":{"base_uri":"https://localhost:8080/","height":252}},"source":["\"\"\"調整muti_class\"\"\"\n","model = LogisticRegression(solver='sag', multi_class='multinomial')\n","model.fit(X_train,y_train)\n","y_train_pred = model.predict(X_train)\n","y_test_pred = model.predict(X_test)\n","print('train evaluation---------------------------------')\n","print('accuracy:%.2f'%metrics.accuracy_score(y_train, y_train_pred))\n","print('confusion matirx:\\n', metrics.confusion_matrix(y_train, y_train_pred))\n","print('test evaluation---------------------------------')\n","print('accuracy:%.2f'%metrics.accuracy_score(y_test, y_test_pred))\n","print('confusion matirx:\\n', metrics.confusion_matrix(y_test, y_test_pred))"],"execution_count":11,"outputs":[{"output_type":"stream","text":["train evaluation---------------------------------\n","accuracy:0.98\n","confusion matirx:\n"," [[32  0  0]\n"," [ 0 33  2]\n"," [ 0  0 33]]\n","test evaluation---------------------------------\n","accuracy:1.00\n","confusion matirx:\n"," [[18  0  0]\n"," [ 0 15  0]\n"," [ 0  0 17]]\n"],"name":"stdout"},{"output_type":"stream","text":["/usr/local/lib/python3.6/dist-packages/sklearn/linear_model/_sag.py:330: ConvergenceWarning: The max_iter was reached which means the coef_ did not converge\n","  \"the coef_ did not converge\", ConvergenceWarning)\n"],"name":"stderr"}]}]}